gene	pVal	adj.pVal	log2FC
ATP10D	2.25968776134397e-216	3.27202787842606e-212	1.21175306020049
GZMB	3.69176452242069e-181	5.34567502846516e-177	1.18754213004524
ENTPD1	5.11482632117408e-120	7.40626851306006e-116	1.03208497888419
KIR2DL4	0	0	0.99351624680259
LAYN	1.89008403001018e-122	2.73684167545474e-118	0.989125991245541
HTRA1	0	0	0.971867408360229
TRBV7-9	6.96140484569007e-87	1.00801142165592e-82	0.915262105023145
CD70	1.57859948736274e-93	2.28581205770125e-89	0.897587435625413
CXCR6	3.90508812142859e-197	5.6545675998286e-193	0.897342958692002
HMOX1	6.18785430155226e-70	8.96001302864768e-66	0.886017421117606
ADGRG1	2.86391422101405e-142	4.14694779202835e-138	0.867823214572756
LRRN3	3.23726496861712e-286	4.68755967455759e-282	0.846342562246681
ACP5	1.39238902662567e-92	2.01617931055397e-88	0.823276115350074
CTSW	1.51504815045068e-133	2.19378972185259e-129	0.792090871695688
GALNT2	8.21396598067345e-71	1.18938227400152e-66	0.768745402443529
LINC01480	0	0	0.768613601521716
CARS	6.12162650300924e-58	8.86411517635738e-54	0.760920650627531
LAG3	6.15294820633892e-65	8.90946900277876e-61	0.746461516942479
TOX	1.30733787166249e-57	1.89302523816728e-53	0.738606975932341
PTPRCAP	1.23195840630648e-79	1.78387577233178e-75	0.704188764968567
ASB2	3.6099248687467e-92	5.22717120994523e-88	0.691431391008279
ITGB7	1.68259930327957e-48	2.43640379114882e-44	0.686131933081731
PTMS	1.8047761897138e-60	2.61331592270559e-56	0.676989820828762
CD8A	1.43447099092256e-67	2.07711399485586e-63	0.667534119757222
GPR68	1.24164790872906e-49	1.79790617183968e-45	0.664491782458331
NSMCE1	1.37153398459429e-52	1.98598120969253e-48	0.658456656467356
ABI3	1.02264892775018e-88	1.48079564738226e-84	0.65780031253028
SLC1A4	7.93727058435484e-61	1.14931678061458e-56	0.650359613592101
PLEKHF1	6.41067862271553e-33	9.28266264569208e-29	0.64312923071095
CD8B	1.3465785933398e-56	1.94984580315603e-52	0.638624096659914
LINC01871	2.62427377134996e-75	3.79994842091474e-71	0.632098350256266
CCL4	3.37985927615926e-51	4.8940362318786e-47	0.631133810882002
NKG7	3.40280669112417e-52	4.9272640887478e-48	0.607875194303228
CLIC3	8.42881437674418e-36	1.22049232175256e-31	0.604094265301956
NDFIP2	1.72597580083513e-57	2.49921295960927e-53	0.600969667427656
PLPP1	4.47622086795966e-61	6.48156781680558e-57	0.598585548274394
PCED1B	8.18932461453844e-48	1.18581420418517e-43	0.595136016538079
CXCL13	2.83225725945009e-39	4.10110851168374e-35	0.584905463738209
PDCD1	1.83788249224163e-37	2.66125384876588e-33	0.582206988609363
PRF1	2.08303649399048e-61	3.01623684329821e-57	0.581277875740419
HLA-DMA	8.21862990799777e-31	1.19005761067808e-26	0.580052444998669
GPR25	9.66572538601299e-45	1.39959703589468e-40	0.579597733891174
CD9	3.08489415661087e-52	4.46692673877254e-48	0.572513737620952
TIGIT	1.39466206400729e-37	2.01947066868255e-33	0.571006000700684
HLA-DRB5	3.4606020078386e-38	5.01095170735029e-34	0.569031035329983
SYTL3	1.80710617050507e-28	2.61668973489135e-24	0.558701330926367
SLF1	3.58518394009798e-39	5.19134634526188e-35	0.558193070751954
NEK1	6.91604061606114e-32	1.00144268120565e-27	0.551008228004889
CASP1	1.3502394712046e-30	1.95514675430425e-26	0.55047949151384
SMC4	6.55929218824025e-24	9.49785508857188e-20	0.538159955716217
TSEN54	4.36032647962983e-30	6.313752742504e-26	0.536583438463114
PLSCR1	4.50004539642753e-30	6.51606573402707e-26	0.532565907733075
GNPTAB	9.39871904243927e-32	1.36093451734521e-27	0.527887230763608
HLA-DPB1	2.12648948584675e-32	3.07915677550609e-28	0.526733619329086
PLEKHA1	1.98082208544029e-21	2.86823037971754e-17	0.525108898817463
ARHGAP9	2.67110161939347e-34	3.86775514488175e-30	0.52413057419573
ALOX5AP	1.36647277739468e-42	1.97865258166749e-38	0.523177522432631
SH3BP1	8.34548847790814e-26	1.2084267316011e-21	0.521409348662341
NCF4	4.17532851007806e-44	6.04587568259304e-40	0.516222186911876
NELL2	3.19338816853432e-30	4.62402606803769e-26	0.514601521129051
GATA3	5.58326678694271e-38	8.08457030749305e-34	0.507784557982951
PPM1M	4.11733482471227e-32	5.96190082618336e-28	0.499573733327526
TNFRSF1A	5.12018682864174e-29	7.41403052787324e-25	0.496991012989667
AC022706.1	1.0042496280731e-24	1.45415346144985e-20	0.488760211453657
MCM5	8.23840485370414e-18	1.19292102281636e-13	0.482193404398932
HLA-DRB1	1.18349255982497e-29	1.71369722662656e-25	0.480445669253115
TNFSF10	2.99325903100693e-39	4.33423907689803e-35	0.479283438006736
TRIM21	6.04177331992529e-31	8.74848776725182e-27	0.478912115030437
HDLBP	1.98005521993902e-29	2.86711995847171e-25	0.475426548396813
ERN1	2.97842528106487e-17	4.31275980698193e-13	0.465663994376011
CALHM2	2.60641249587033e-29	3.77408529402023e-25	0.46455476024646
SASH3	1.08715525682806e-21	1.57420081188703e-17	0.463788405924378
ACTA2	2.20944490932749e-24	3.1992762287062e-20	0.461450414971272
MAST4	1.83528933348037e-24	2.65749895487958e-20	0.457829738583044
CAPG	1.3492407866872e-27	1.95370065912307e-23	0.446839356246994
MPST	1.38959759481884e-23	2.01213731729768e-19	0.445366078320849
IGFLR1	4.44924193826269e-19	6.44250232660438e-15	0.44495745337955
GZMA	2.55345243562759e-23	3.69739912678876e-19	0.439943781264578
CD27	1.09829008279704e-19	1.59032403989012e-15	0.439133742005026
ITGAE	2.20703347122638e-29	3.19578446633579e-25	0.436004946547748
SLA2	1.79129771579939e-26	2.59379909247752e-22	0.428124942370602
RHOC	1.05335343829419e-37	1.52525577864999e-33	0.419716598794219
COMMD8	9.91365522973896e-27	1.4354972772662e-22	0.41894218093383
MYO1G	3.98692774388019e-25	5.77307137313851e-21	0.415978511216205
SP140	1.31739162131907e-15	1.90758306767001e-11	0.415478496477043
PHPT1	5.19891391021736e-16	7.52802734199474e-12	0.413563954709169
CD2BP2	6.18343481152164e-15	8.95361360708334e-11	0.413520904431191
PLEKHO1	2.70702370046458e-23	3.91977031827272e-19	0.41009362864849
STAM	2.53395290768038e-36	3.66916381032119e-32	0.409227039757196
MRPL16	1.59544522378526e-15	2.31020468404106e-11	0.408811598994602
IL2RB	1.57033333935666e-24	2.27384267538845e-20	0.407839952545599
ID2	2.86879063683355e-21	4.15400884213498e-17	0.402904553261302
TESPA1	9.82058986711359e-18	1.42202141275805e-13	0.402898127155896
GOLGA8B	5.48521637558807e-23	7.94259331185152e-19	0.402796636822117
MIS18BP1	8.55526581978054e-19	1.23880249070422e-14	0.401488189385072
VAMP5	2.55661982634547e-15	3.70198550854824e-11	0.400698462770699
DAPK2	1.57615561645327e-21	2.28227333262433e-17	0.398856066359039
HLA-DPA1	6.42459173083702e-21	9.30280882625201e-17	0.395250358820422
TSG101	1.53634767085817e-16	2.22463142740263e-12	0.3908524678559
IL4R	9.02133496509765e-66	1.30628930294614e-61	0.390799152281652
CCND2	4.67957974129074e-28	6.77603146538899e-24	0.389921308433925
CTSC	1.10976732331304e-25	1.60694308415728e-21	0.38982691897213
TRAF3IP3	2.64141867100489e-20	3.82477423561508e-16	0.388090655829241
NLRC3	1.94378393833038e-23	2.8145991427024e-19	0.384667318722325
ORAI3	3.56851435468865e-23	5.16720878558917e-19	0.380660926649054
GNLY	7.84580232053616e-17	1.13607217601364e-12	0.379929601831434
MIR155HG	3.63347085965401e-18	5.261265804779e-14	0.379608649883663
CARD16	2.67805947285484e-22	3.8778301166938e-18	0.378556670786158
CD82	6.98398009306255e-20	1.01128031747546e-15	0.376970526577581
ECH1	9.59134434769075e-26	1.38882666154562e-21	0.376290590412992
JAML	4.46229317934774e-19	6.46140052369552e-15	0.376234137202468
EEF1G	2.04526409164473e-27	2.96154240470158e-23	0.373398495548888
ETFB	1.43836700747851e-16	2.08275542682889e-12	0.372560613986501
DAXX	1.16153184677222e-20	1.68189811412617e-16	0.371747688828306
RBM4	1.78996835035228e-23	2.5918741713101e-19	0.371373402588941
HCST	2.02292723570112e-23	2.92919863729522e-19	0.370821149115926
RAB27A	1.11003303762625e-32	1.6073278384828e-28	0.367755368628663
YPEL2	2.09302138564072e-09	3.03069496640776e-05	0.36561181047856
CHST12	5.45106609091096e-21	7.89314369963907e-17	0.365349792805332
ARPC1B	7.95523395105593e-21	1.1519178761129e-16	0.364989762831644
PDIA4	2.11114147228805e-17	3.0569328518731e-13	0.35993659490625
PDIA6	1.70275058108455e-18	2.46558284141043e-14	0.359145604245774
AC243960.1	1.45232895001809e-19	2.10297231962619e-15	0.355227813672701
TBC1D10C	2.74043853317583e-17	3.9681549960386e-13	0.353858514643748
PTPN6	2.83496789493292e-24	4.10503351186287e-20	0.353376437231912
PYCARD	5.06248762022771e-15	7.33048207408972e-11	0.351280510364983
BST2	1.14016056897266e-22	1.65095250387242e-18	0.349502680204829
BTN3A2	3.31043407152974e-18	4.79350853557507e-14	0.348693816293001
MTG1	6.68515069174288e-14	9.68009820164369e-10	0.348308050540103
MLEC	3.60774988870017e-12	5.22402183883784e-08	0.347949930163124
DUSP4	1.60700998184841e-16	2.3269504537165e-12	0.347477151288843
GSDMD	1.01320996531567e-12	1.4671280297771e-08	0.346667676212097
SLAMF1	5.73597267560991e-13	8.30568843428316e-09	0.343780425928349
IFI6	4.74857774661863e-25	6.87594057710377e-21	0.341734853796431
PCID2	3.27218152644886e-18	4.73811885029794e-14	0.340385118061674
GIMAP1	6.17729895591106e-28	8.94472888815921e-24	0.338630093294355
ITGA1	9.22840229034692e-15	1.33627265164223e-10	0.338493085251844
CSNK2B	4.40160674060402e-32	6.37352656039462e-28	0.338219979420115
CDK2AP2	5.41006329484504e-15	7.83377165093561e-11	0.335493071317766
MYO1F	6.89393688265137e-17	9.98242060607918e-13	0.334414661267734
AC004687.1	3.24755313750072e-13	4.70245694310104e-09	0.332503087779082
PTTG1	1.45345087321449e-26	2.10459686441458e-22	0.32742045704586
APOBEC3C	1.01838995297607e-13	1.47462865190935e-09	0.325763563292219
TSPAN14	3.17387963176898e-14	4.59577770680148e-10	0.325691873455462
MOB3A	2.87491721051075e-13	4.16288012081957e-09	0.325566313032546
STXBP2	1.09036300955136e-27	1.57884563783037e-23	0.324768242485902
LCP2	8.20768747885801e-14	1.18847314693864e-09	0.322079853786854
PLA2G16	9.780933562144e-16	1.41627917979845e-11	0.321775897352318
LINC00649	2.76098941221473e-18	3.99791266888692e-14	0.320685820081514
CST7	4.5782965865254e-17	6.62937345728878e-13	0.319561077273592
TADA3	2.63968735378614e-11	3.82226728828233e-07	0.319048639441795
SIT1	7.12750653212193e-16	1.03206294585126e-11	0.318435701758355
APOBEC3G	2.22023619236247e-12	3.21490200654085e-08	0.317733050321117
SUSD3	5.0299849288268e-18	7.28341817694121e-14	0.315587646322859
CD3G	4.97508335134752e-21	7.20392069275121e-17	0.314603031277486
CCL5	1.15053232121621e-10	1.66597080112107e-06	0.31449379679205
CDC25B	4.70465677846054e-16	6.81234301521086e-12	0.314381503184989
TNFRSF1B	1.23997661980162e-12	1.79548614547275e-08	0.314071587116538
HMGN3	1.35559056736006e-17	1.96289514153737e-13	0.312244807988211
THEMIS	7.08058938494888e-12	1.0252693429406e-07	0.311568627463217
ASF1A	1.03300628579197e-14	1.49579310182678e-10	0.311126368478001
CTNNB1	4.55173211611106e-16	6.59090810412882e-12	0.311045255621042
FIBP	3.17065603912357e-16	4.59110994465093e-12	0.310872042986103
CCDC85B	7.63397663295884e-10	1.10539981645244e-05	0.310349965120718
POLR3GL	1.76405556933278e-12	2.55435246439387e-08	0.310164291624825
GIMAP6	2.91188478187667e-14	4.21640916415742e-10	0.309783086308946
ARL6IP1	1.24028628423368e-29	1.79593453957037e-25	0.306712464240884
CALCOCO2	1.38252923061002e-12	2.00190232592331e-08	0.305645205227094
CCPG1	1.11170655826069e-11	1.60975109636148e-07	0.305257557022849
KLRB1	1.27641425285299e-11	1.84824783813112e-07	0.303281578530265
ACAA2	1.03573023795295e-11	1.49973738455587e-07	0.302167125331214
ISG15	7.90290313967146e-11	1.14434037462443e-06	0.300486194662185
EIF4A1	4.61728148832074e-11	6.68582359508843e-07	0.29891194527517
CAT	8.17906905651083e-24	1.18432919938277e-19	0.29766286159228
MANF	9.69937627241527e-09	0.000140446968425	0.297627259240668
XAB2	2.08671550594501e-09	3.02156405260837e-05	0.297348952523046
GRINA	1.44173018855982e-09	2.08762531303462e-05	0.294464208809188
GLO1	4.01635101129715e-09	5.81567626435828e-05	0.292392443147289
LSM2	7.65146265145911e-11	1.10793179193128e-06	0.291585843117407
SLFN5	2.33816224397656e-10	3.38565892927806e-06	0.290772780189123
FKBP1A	2.07441109906848e-13	3.00374727145116e-09	0.290653550378738
AKNA	1.80904313916457e-08	0.000261949446551	0.288774517950091
TAP1	1.67352569454399e-11	2.42326520569969e-07	0.286794220184008
LMO4	9.22193637002233e-22	1.33533638637923e-17	0.286054887119878
APEH	2.18347663035353e-11	3.1616741607519e-07	0.285578100548265
C12orf75	1.6187571735979e-12	2.34396038736975e-08	0.282053227991484
TMEM14A	3.36709747796509e-10	4.87555714809346e-06	0.28094011535373
DNPH1	8.0959939203174e-12	1.17229991966196e-07	0.280796439013344
C17orf49	1.5236189686545e-14	2.20620026661172e-10	0.280571105797385
NUDT5	2.39558601533783e-11	3.46880855020917e-07	0.280563185952682
MGAT1	6.72978605184531e-14	9.74473020307201e-10	0.280036130190432
CCDC69	5.96619281457446e-09	8.63904719550382e-05	0.279847089467899
EIF4EBP1	9.60684339750739e-11	1.39107092395907e-06	0.279175744076747
PDHB	6.53306472966307e-12	9.45987772855212e-08	0.277591995686578
ARL3	3.55984232273938e-09	5.15465168332663e-05	0.27752417080008
UCP2	5.88439048386615e-10	8.52059742063819e-06	0.277504844817907
IFI35	1.46981084085328e-18	2.12828609755555e-14	0.276456493786136
HSBP1	2.3297151349628e-14	3.37342751542614e-10	0.276153153954717
LYST	3.49679308854939e-15	5.06335639221952e-11	0.276126091249859
MRFAP1L1	6.2253221662625e-09	9.0142664967481e-05	0.275951245542523
ITGAL	1.13961524164429e-08	0.00016501628699	0.275778559073186
AIP	2.1755360982187e-10	3.15017627022067e-06	0.275560363291235
RASAL3	2.64034098928534e-09	3.82321375248517e-05	0.275026799286476
CAPN1	5.40693658892225e-09	7.82924418075942e-05	0.274736532638069
ITGB1	5.06208448877524e-10	7.32989833974655e-06	0.273826511936538
RBPJ	1.49040900520877e-13	2.1581122395423e-09	0.273097429382582
LBH	2.82624149670297e-08	0.000409239768723	0.27306684634198
DYNLL1	2.52583800752482e-10	3.65741343489594e-06	0.270541246986563
NME2	2.25736065443612e-14	3.2686582276235e-10	0.269299620355319
MT1F	3.53683302978482e-19	5.12133422712841e-15	0.269107716838752
SYNGR2	1.59245335875071e-09	2.30587246347102e-05	0.268996077066603
ABTB1	2.24083760676481e-09	3.24473285459544e-05	0.268175820653195
ZGPAT	5.23183703426547e-08	0.000757570002562	0.268129955609752
CD63	4.65259033673128e-11	6.73695080758689e-07	0.267629499331614
ILK	5.52581774893552e-08	0.000800138410046	0.267589545334181
SKA2	1.32650979832626e-16	1.92078618797642e-12	0.267495180081607
TMEM204	1.56855054815766e-15	2.2712611937323e-11	0.266798204355269
ACO2	8.16145602259338e-10	1.18177883207152e-05	0.265486058125346
HOPX	4.41651081535949e-10	6.39510766064054e-06	0.264084919303915
CRIP1	1.6396704636822e-12	2.37424283141183e-08	0.262600683695637
OXNAD1	1.34536547027732e-08	0.000194808920096	0.261663807254291
CCS	1.64015858815517e-06	0.023749496356487	0.261597868460187
GRAP2	9.41933599375384e-13	1.36391985189556e-08	0.261354058659255
GSTO1	1.77761084419111e-09	2.57398050238873e-05	0.26132480346752
HADHB	5.75413804929842e-08	0.000833199189538	0.25983046888735
IL16	5.81078790159582e-23	8.41402088151075e-19	0.258989142978079
PIN4	3.02816908518951e-07	0.004384788835354	0.258962163949654
CUEDC2	1.35264977086937e-06	0.019586368682188	0.256388431065039
CALM3	3.41200414694462e-09	4.9405820047758e-05	0.25601786630791
SAMSN1	1.8898323541796e-07	0.002736477248852	0.255909778867252
HM13	1.89927661182133e-11	2.75015253391729e-07	0.255866018916607
SNAP23	6.62797634324822e-07	0.009597309745023	0.255401542302408
LPCAT4	4.63681378189974e-12	6.71410635619082e-08	0.255284360129664
FAAP20	3.12247641022565e-08	0.000452134584201	0.254670081715494
EFHD2	2.06776417109145e-12	2.99412251974043e-08	0.254610958947947
PRDX3	5.52016274817449e-09	7.99319565935666e-05	0.25416745739682
CCM2	4.03369515670047e-11	5.84079058690228e-07	0.253049488177385
C22orf39	7.08527480645252e-10	1.02594779197432e-05	0.252542507495408
SDHA	4.78106748699029e-08	0.000692298572116	0.252487486812231
ARRDC1	1.51566366874724e-10	2.194680992346e-06	0.252085769830219
MAP4K1	6.89113595200823e-11	9.97836485850792e-07	0.251940455919801
NDUFA13	1.45033527890651e-12	2.10008548385663e-08	0.251395370807122
IL27RA	4.03700672766233e-10	5.84558574165506e-06	0.250218705641227
C14orf119	4.06491544566824e-11	5.88599756532762e-07	0.250095943590808
RPS25	3.56284655987793e-52	5.15900181870324e-48	-0.250490520128997
METAP2	0.003709709063798	1	-0.251161603648038
PPDPF	7.26864940503289e-32	1.05250043384876e-27	-0.251551548643986
RPS6	7.3397970409551e-55	1.0628026115303e-50	-0.251722724588153
RPL36	1.18200568749368e-51	1.71154423549085e-47	-0.251870425094495
RPL34	3.23073788958894e-53	4.67810846412478e-49	-0.252091600985195
RPL37	6.13387171770297e-54	8.8818462472339e-50	-0.252329128651022
RPS18	3.42915210064437e-55	4.96541224173304e-51	-0.252744638424327
RPL14	5.06578406550267e-53	7.33525532684786e-49	-0.25296869237473
RPL11	8.23718462615108e-54	1.19274433386668e-49	-0.253132985808746
RPL13	4.24278644722987e-57	6.14355477558886e-53	-0.253303528560811
PDE4D	0.001861310480447	1	-0.253566879425961
ARL4C	5.34347056660642e-05	0.773734538044609	-0.253861763971701
RPL30	2.23403847597862e-51	3.23488771321704e-47	-0.25464888078074
TPT1	8.01152151857573e-59	1.16006831588977e-54	-0.254760385514269
RPS27A	3.95237023217781e-56	5.72303209619347e-52	-0.255640837956207
RPL10	7.39318868506179e-56	1.07053372159695e-51	-0.256563969450713
THOC7	0.007141259984353	1	-0.256803938045035
RPLP0	8.40902867025802e-58	1.21762735145336e-53	-0.257109700789457
EIF1	8.49498656041232e-59	1.2300740539477e-54	-0.257661907160237
HTATIP2	0.002246876839453	1	-0.257879074201024
RPS13	2.52847725891728e-53	3.66123507091222e-49	-0.258022001147046
SLC3A2	1.13269653609929e-06	0.016401445842718	-0.258343922044331
SERP1	3.26639286294438e-10	4.72973686554346e-06	-0.258873599532007
RPL32	1.43852821639582e-55	2.08298885734114e-51	-0.260273299994596
RPL24	1.26852913594531e-49	1.83683018884881e-45	-0.26145828460344
RPL7	1.37387410968478e-35	1.98936971082356e-31	-0.262525035890804
CXCR4	2.37177574596093e-06	0.034343312801514	-0.263821124343755
MT-ATP6	5.90937724640078e-52	8.55677825278833e-48	-0.263943322713057
RPS14	1.15750139983861e-58	1.67606202696631e-54	-0.263955126521159
RPL18A	1.58652450622782e-56	2.29728748501788e-52	-0.264281646261372
RPL19	4.52511377208188e-57	6.55236474197457e-53	-0.264740896924642
RPS8	3.15566118731219e-58	4.56939739922805e-54	-0.265829826313611
MBNL1	8.23599985408958e-07	0.011925727788722	-0.267062678935787
RPL21	4.50956898907896e-56	6.52985589618633e-52	-0.26843306894181
RPL39	1.46734439285967e-56	2.12471468086081e-52	-0.268510927094281
VAMP2	0.005997042516773	1	-0.269052271167369
RPS12	1.36248541441339e-58	1.97287888007059e-54	-0.271188466127126
EIF1AX	0.001062466333397	1	-0.271354467129905
SARAF	1.63288658413303e-43	2.36441977382463e-39	-0.272077981015541
RPL9	2.48551189403317e-59	3.59902122256003e-55	-0.273764985476144
RSL24D1	1.68899363400318e-05	0.244566278203661	-0.275699760700491
AHNAK	0.000289357843172	1	-0.277555574869339
LDHA	1.13917706252078e-16	1.64952838653009e-12	-0.281834609141399
RPS16	6.54149269850464e-62	9.47208142743472e-58	-0.28535174991584
ANP32B	1.05701707232118e-12	1.53056072072106e-08	-0.286257622538386
RPL38	1.58034073817776e-45	2.2883333888814e-41	-0.287145187226746
PABPC1	7.00774470199279e-26	1.01472143284856e-21	-0.288174521804661
SPOCK2	3.93322353850789e-12	5.69530768375942e-08	-0.28825291409166
ATF4	0.000360774417369	1	-0.288666633247623
RPS9	3.58342591324257e-53	5.18880072237524e-49	-0.290748130031639
CIRBP	2.66071008732638e-14	3.8527082064486e-10	-0.291314894215354
BZW1	7.75803213057104e-05	1	-0.291385154016812
SMDT1	9.10098861381626e-07	0.013178231512806	-0.292396491274466
MALAT1	4.74150659817904e-71	6.86570155416325e-67	-0.292650703275466
EIF3E	1.77406063530416e-10	2.56883979992043e-06	-0.297934824430887
ZC3H15	0.000233607620911	1	-0.297962366017784
SLC2A3	6.02044533672338e-05	0.871760484757545	-0.301479647085529
IFITM1	1.99371654505076e-10	2.8869015572335e-06	-0.30657710056466
SYNE2	3.81726273729754e-07	0.005527396443607	-0.306903083294239
TUBA4A	4.47925903840865e-06	0.064859670876157	-0.307165028784318
TOMM20	3.0034892400405e-08	0.000434905241958	-0.30916645782275
SAT1	7.73854885614206e-07	0.011205418743694	-0.310936613095908
PRDX2	1.35160193291058e-06	0.019571195988545	-0.313104237347578
SRRM2	1.16979388384578e-06	0.016938615438087	-0.314176970049832
EEF1B2	3.53504680823534e-42	5.11874777832477e-38	-0.315470720533583
S100A10	5.53156059191126e-32	8.00969973708751e-28	-0.316310016207699
RPL36A	6.34943583728274e-26	9.19398309238541e-22	-0.317619009456234
RELB	0.000178712171815	1	-0.319484726359233
JUNB	5.99645944271617e-06	0.08682873273053	-0.32153516541572
TAF1D	1.26799213425691e-05	0.183605261040401	-0.32188319495396
HNRNPDL	2.27350018986176e-21	3.29202827491983e-17	-0.322280889132242
TUBB4B	4.27713166397776e-09	6.1932866494398e-05	-0.32780716885244
EPC1	2.76968107541813e-10	4.01049819720545e-06	-0.329346783753435
SNX9	5.95236142993141e-05	0.861901935054068	-0.330369862955083
KRAS	2.03471299589723e-07	0.002946264418059	-0.330519766066349
CCNL1	9.11672707674258e-06	0.132010208071233	-0.334099144568107
FUS	9.77813424032649e-08	0.001415873837999	-0.33483381673084
TUBA1B	8.32763882938896e-18	1.20584210249552e-13	-0.343349964210771
RPL27A	4.50864510545118e-31	6.52851811269331e-27	-0.345047155612795
CYTIP	1.59692691871465e-14	2.31235017829882e-10	-0.349956784279168
HIF1A	0.000184606442768	1	-0.350220663458113
SBDS	9.90228817966141e-06	0.143385132841497	-0.353264788255351
TUBB	2.09097411056308e-23	3.02773051209534e-19	-0.356251362105214
TNFAIP3	1.78828703171557e-09	2.58943962192415e-05	-0.356490625859781
FOXP1	5.64377692702404e-07	0.008172188990331	-0.357166446667309
CNIH1	5.69274106158728e-05	0.824308905717838	-0.358854514624809
TMEM123	7.08948471632314e-06	0.102655738692359	-0.363146836148561
EMP3	2.35018959236256e-32	3.40307452974099e-28	-0.369040875052739
SRSF2	3.22767882167017e-07	0.004673678933778	-0.369341860801097
IMPDH2	1.45351531575859e-05	0.210469017721844	-0.373977696264836
ZFAS1	1.80565494196126e-20	2.61458835595991e-16	-0.379559249709699
ARID5B	1.20112474067232e-07	0.001739228624494	-0.381481519118786
PLIN2	2.92751468807536e-07	0.004239041268333	-0.385271150024747
RORA	2.1845881911882e-06	0.031632837008405	-0.389944416953305
EML4	1.61742023146035e-10	2.34202449515459e-06	-0.394026438216816
TSC22D3	6.36103437309523e-26	9.21077777224189e-22	-0.397782015174601
LGALS3	9.36269461187965e-15	1.35571817980017e-10	-0.398511318861084
LEPROTL1	3.78769407768758e-15	5.48458102449162e-11	-0.409451813572277
UPP1	6.00505430607284e-07	0.008695318635193	-0.410016586805462
ODC1	2.27523427507932e-09	3.29453923031485e-05	-0.419279771829015
TUBA1C	6.7696292633271e-09	9.80242317329765e-05	-0.423917795885519
NEAT1	2.56572316600264e-17	3.71516714437183e-13	-0.430055844762341
PPP1R15A	2.46924277596876e-19	3.57546353960277e-15	-0.43366462007175
ANXA1	1.83043789351537e-25	2.65047406981025e-21	-0.442037543725655
CD69	9.40075073675744e-09	0.000136122870668	-0.442893826591234
DDIT4	0.000229677873603	1	-0.449481943014134
IER2	1.83399740959482e-08	0.000265562824909	-0.449994824906214
SNHG8	1.25124473502488e-11	1.81180237631602e-07	-0.457936422857102
LINC00623	2.83080478806179e-07	0.004099005333113	-0.462860954400246
NFKBIA	3.78031623430079e-23	5.47389790726754e-19	-0.473185854913274
TUBA1A	1.10178678718623e-18	1.59538726784566e-14	-0.476639098507817
KLF6	4.78648847194994e-60	6.93083530738351e-56	-0.485133289459523
CD44	5.22497262612232e-29	7.56576036262512e-25	-0.502475363149513
MCUB	1.9971580501811e-17	2.89188485666223e-13	-0.537176351488542
RGCC	1.44995576662054e-11	2.09953595006655e-07	-0.556193885585367
MBP	5.53435687924452e-14	8.01374876114606e-10	-0.574083384170192
LTB	7.693393276024e-25	1.11400334636827e-20	-0.626291397095202
TTC39C	2.15705885488734e-15	3.12342122187687e-11	-0.646681004565035
FAM102A	5.14314159153997e-11	7.44726902454988e-07	-0.664250709416555
KLF2	3.06860777890351e-13	4.44334406385229e-09	-0.692483659808802
LYAR	5.31606870674286e-12	7.69766748736366e-08	-0.761527952770248
DUSP1	6.16755859483615e-19	8.93062484532274e-15	-0.826996220458143
IL7R	5.12774704057315e-48	7.42497771474992e-44	-0.9486739476501
